t=[203.0+203.1+203.0,174.3+174.2+174.2,134.6+134.6+134.6,221.7+221.7+221.7,149.9+150+150,187.2+187.2+187.2,211.9+211.9+212.0,247.0+246.9+247.0]/3;
h_over_t=[ (53.51+53.49+53.51)/t(1),
    (43.59+43.61+43.59)/t(2),
    (30.60+30.61+30.62)/t(3),
    (60.30+60.31+60.30)/t(4),
    (35.59+35.59+35.59)/t(5),
    (47.81+47.81+47.81)/t(6),
    (56.51+56.52+56.51)/t(7),
    (70.02+70.03+70.02)/t(8)]/3;


